0,100,130,550,0,true,false
0,60,150,250,1,false,false
0,80,400,100,3,true,false
0,70,800,200,2,false,false
0,120,850,500,4,true,true
1,400,360
3,100,700

0,35,558,506,0,true,false
0,35,315,520,1,false,false
0,45,715,620,2,true,false
0,70,365,330,3,false,false
0,80,200,100,3,true,false
2,389,165,90,222
1,433,516
2,630,270,855,308
0,70,825,125,4,true,true
3,715,600

0,100,130,550,1,true,false
0,90,300,140,0,false,false
1,500,400
1,700,200
0,100,680,380,4,true,true
3,100,700

0,100,130,550,0,true,false
0,50,470,80,3,false,false
0,50,170,230,0,false,false
0,50,800,500,2,true,false
0,50,500,600,3,false,false
1,500,350
2,200,100,400,200
2,300,400,900,600
0,120,800,150,4,true,true
3,100,700

0,100,130,550,0,true,false
0,54,374,592,1,false,false
0,40,100,200,2,false,false
0,70,450,350,2,false,false
0,50,260,100,3,true,false
0,80,900,600,3,false,false
1,650,200
1,300,400
1,800,500
0,120,850,150,4,true,true
3,100,700

